UNITS=MM
#Layer_Color=16711935
#
#Feature symbol names
#
$0 r508
$1 r99.9998
$2 r199.9996
$3 r25.4

#
#Feature attribute names
#

#
#Layer features
#
A 25.019 14.097 25.019 14.097 24.638 14.097 0 P 0 N
A 25.019 39.751 25.019 39.751 24.638 39.751 0 P 0 N
L 7.67199888 28.72199996 7.67199888 31.22200004 2 P 0
L 7.67199888 28.72199996 14.17200112 28.72199996 2 P 0
L 7.67199888 31.22200004 14.17200112 31.22200004 2 P 0
L 14.17200112 28.72199996 14.17200112 31.22200004 2 P 0
L 23.368 8.509 23.368 13.335 3 P 0
L 23.368 8.509 25.908 8.509 3 P 0
L 23.368 13.335 25.908 13.335 3 P 0
L 23.368 34.163 23.368 38.989 3 P 0
L 23.368 34.163 25.908 34.163 3 P 0
L 23.368 38.989 25.908 38.989 3 P 0
L 23.75899998 47.51399946 23.75899998 49.51400054 2 P 0
L 23.75899998 47.51399946 25.00900002 47.51399946 2 P 0
L 23.75899998 49.51400054 25.00900002 49.51400054 2 P 0
L 25.00900002 47.51399946 25.00900002 49.51400054 2 P 0
L 25.908 8.509 25.908 13.335 3 P 0
L 25.908 34.163 25.908 38.989 3 P 0
L 27.40600056 24.24599926 27.40600056 26.04600074 1 P 0
L 27.40600056 24.24599926 30.50599944 24.24599926 1 P 0
L 27.40600056 26.04600074 30.50599944 26.04600074 1 P 0
L 28.83899998 47.25999946 28.83899998 49.26000054 2 P 0
L 28.83899998 47.25999946 30.08900002 47.25999946 2 P 0
L 28.83899998 49.26000054 30.08900002 49.26000054 2 P 0
L 29.24700018 28.8720022 29.24700018 31.07200034 1 P 0
L 29.24700018 28.8720022 30.69699982 28.8720022 1 P 0
L 29.24700018 31.07200034 30.69699982 31.07200034 1 P 0
L 29.62800018 15.91799966 29.62800018 18.11800034 2 P 0
L 29.62800018 15.91799966 31.07799982 15.91799966 2 P 0
L 29.62800018 18.11800034 31.07799982 18.11800034 2 P 0
L 30.08900002 47.25999946 30.08900002 49.26000054 2 P 0
L 30.50599944 24.24599926 30.50599944 26.04600074 1 P 0
L 30.69699982 28.8720022 30.69699982 31.07200034 1 P 0
L 31.07799982 15.91799966 31.07799982 18.11800034 2 P 0
L 32.67600018 28.61799966 32.67600018 30.81800034 2 P 0
L 32.67600018 28.61799966 34.12599982 28.61799966 2 P 0
L 32.67600018 30.81800034 34.12599982 30.81800034 2 P 0
L 33.23599906 51.9240008 33.23599906 52.7239992 1 P 0
L 33.23599906 51.9240008 34.83600094 51.9240008 1 P 0
L 33.23599906 52.7239992 34.83600094 52.7239992 1 P 0
L 33.23599906 53.4480008 33.23599906 54.2479992 1 P 0
L 33.23599906 53.4480008 34.83600094 53.4480008 1 P 0
L 33.23599906 54.2479992 34.83600094 54.2479992 1 P 0
L 34.12599982 28.61799966 34.12599982 30.81800034 2 P 0
L 34.83600094 51.9240008 34.83600094 52.7239992 1 P 0
L 34.83600094 53.4480008 34.83600094 54.2479992 1 P 0
L 36.05699926 36.26699884 36.05699926 45.52100116 2 P 0
L 36.05699926 36.26699884 50.81100074 36.26699884 2 P 0
L 36.05699926 45.52100116 50.81100074 45.52100116 2 P 0
L 37.20999924 10.13000006 37.20999924 12.72999994 1 P 0
L 37.20999924 10.13000006 41.53000076 10.13000006 1 P 0
L 37.20999924 12.72999994 41.53000076 12.72999994 1 P 0
L 37.33699924 15.71800006 37.33699924 18.31799994 1 P 0
L 37.33699924 15.71800006 41.65700076 15.71800006 1 P 0
L 37.33699924 18.31799994 41.65700076 18.31799994 1 P 0
L 41.53000076 10.13000006 41.53000076 12.72999994 1 P 0
L 41.65700076 15.71800006 41.65700076 18.31799994 1 P 0
L 46.80598208 8.94998972 46.80598208 16.4453062 1 P 0
L 46.80598208 16.4453062 51.50600062 16.4453062 1 P 0
L 46.81069632 8.95470396 51.50600062 8.95470396 1 P 0
L 50.68400074 32.45900036 50.68400074 49.50400056 2 P 0
L 50.81100074 36.26699884 50.81100074 45.52100116 2 P 0
L 51.50600062 8.95470396 51.50600062 16.4453062 1 P 0
